15.01.2018
16:44:07

4 6 8 4 		 	2 6 7 4 		 	1.97938 0.247423 -0.680412 -0.14433 
5 2 1 5 		:	8 5 4 2 		=	-25.6701 1.54124 18.3866 1.80928 
4 6 8 9 		 	2 6 9 5 		 	-25.5979 1.17526 19.268 1.81443 
5 6 2 3 		 	4 21 5 7 		 	-6.69072 0.78866 4.70619 0.664948 

20.10.2018
15:55:38

1 5 		:	5 8 		=	1.08696 -0.73913 
6 8 		 	6 5 		 	0.782609 0.347826 

16.12.2018
23:51:23

1 		+	1 		=	2 

23.06.2019
16:28:22

3 2 		*	2 3 		=	35 48 
5 6 		 	4 6 		 	83 114 

23.06.2019
16:33:17

2 2 		+	2 2 		=	4 4 
2 2 		 	2 2 		 	4 4 

23.06.2019
16:35:38

1 8 32 7 15 		 	2 3 4 6 7 		 	376 401 3042 404 380 
45 7 4 3 2 		 	5 3 4 5 6 		 	178 212 591 355 407 
6 8 4 6 8 		*	7 8 90 7 6 		=	150 146 490 180 194 
9 5 3 6 8 		 	5 4 3 2 4 		 	134 138 400 176 191 
9 4 6 3 4 		 	5 6 7 8 7 		 	115 123 629 154 163 

23.06.2019
16:37:15

2 2 		-	2 2 		=	0 0 
2 2 		 	2 2 		 	0 0 

23.06.2019
16:45:02

73 457 6 54 45645 3 53 43534 53 43 		 	456 45 546 456 456 456 45 56 7768 67 		 	-0.279189 -4.50429 -0.0252945 0.395344 -1.1121 -9.50422 1072.54 33.5696 -30.0212 0.434026 
53 45 345 345 34 534 5 3454 35 34 		 	678 8 678 678 678 678 678 678 678 567 		 	-0.0143994 -0.302877 -0.0161813 -0.107712 1.49759 -0.586847 68.6819 2.45681 -1.46275 -0.00229746 
53 5 346 45 6 457 56 75 67 56 		 	567 45 63 53435 23 54 3346 457 568 679 		 	-0.0155473 0.245827 -0.014406 -0.0838885 1.00088 0.0614979 -11.6742 1.11787 -1.02718 -0.00218891 
75 7 4 3 3 523 22 4 2 53 		 	780 870 7769 568 47 53 43 56 567 679 		 	0.0183851 -0.00412897 -0.0200207 -0.188616 1.61971 0.253457 -15.8423 -1.07744 2.39414 -0.000241273 
46 46 4 56 45 4 56 34 3 4 		:	87 67 875 764 75 346 2 436 47 47 		=	-0.0159234 0.192133 0.00363852 0.0208262 -0.356475 0.0770936 1.51625 0.0708865 -1.14484 -0.000526657 
46 45 34 53 52 43 4 64 6 34 		 	45 634 436 5 4 74 68 5 5 5 		 	0.0204697 -0.143766 -0.00203094 -0.0297233 0.332696 0.111069 0.147223 -1.08325 1.9248 0.00147862 
5 25 346 56 34 346 4 3 63 4 		 	5 5 5 5 4 4 4 44 3 3 		 	-0.0117881 0.18496 -0.0106746 -0.0548892 0.778213 0.0700989 -10.1773 1.09331 -1.35462 -0.00138408 
36 34 6457 5 345 2 35 34 53 464 		 	3 33 4 4 44 6 66 6 66 66 		 	-0.252902 0.948167 -0.00246477 1.0066 -1.13747 -1.8075 -1.90914 15.5756 -17.1534 -0.0067771 
56 4564 456 456 456 456 456 456 456 456 		 	66 7 8 8 8 8 89 9 9 99 		 	0.360791 -3.19961 -0.0228051 -0.701974 4.98845 7.54425 4.98344 -4.60618 27.8269 0.0205014 
45 456 325 345 456 456 456 345 345 345 		 	6 6 6 6 100000 3 4 5 6 7 		 	-0.04447 0.39315 -0.00449482 -0.07004 0.511248 0.444812 -3.47143 7.26317 -3.22755 -0.00106878 

23.06.2019
16:52:10

1 		+	1 		=	2 

